1242522922117292032
1242558038059466758
1242485172349665280
1242515562636488704
1242520530718253056
1242599719173378050
1242484989842751489
1242562604175949824
1242515971992141830
1242477716613386242
1242580236283211777
1242546897295773696
1242557912234393601
1242534211937898496
1242557729874612224
1242501814194524160
1242478532082536448
1242512378081628160
1242522034883756036
1242475287595515904
1242494573638631424
1242485460603146241
1242484918002700289
1242576991381053441
1242536188843405312
1242478758772293635
1242512273127510018
1242535112543219713
1242595313472245760
1242523140149764096
1242514685049442306
1242478503175413767
1242527525244289024
1242549278033117184
1242564644251852802
1242486043053613057
1242490980298682373
1242553868728352768
1242515702436605954
1242478034201935876
1242485025880195073
1242472369697869827
1242504143865966592
1242491634626920449
1242535390755487744
1242581732672425984
1242556358832128000
1242525536188084226
1242512526929039360
1242486057616257026
1242550874259574786
1242587173070782464
1242502521119109120
1242486269990645761
1242545156273905664
1242511787309883394
1242485242834763776
1242485568384073728
1242580403686342656
1242538591940513792
1242484954786742272
1242512338072121344
1242477065389010946
1242528119032090625
1242512212234612737
1242571799545745409
1242545057762164736
1242486025563377664
1242484851552346113
1242593883969728518
1242520717343838209
1242547828314058752
1242486273194856448
1242514146807209985
1242517916773302274
1242540603763593217
1242503598258487296
1242501865624997891
1242512256082087936
1242486776020729856
1242485098219327488
1242484942883323905
1242486264437157888
1242595581588979713
1242500398553808898
1242580213969666050
1242504159774953473
1242513755046477824
1242569617093980161
1242548511545196545
1242487906561716226
1242540121280245760
1242523031982854144
1242487318935715840
1242589695265189891
1242520521994055681
1242511233594486784
1242554373575553024
1242576690741739528
1242503669733421056
1242526967020347393
1242580650064064518
1242593891355852802
1242498722220486656
1242529742676516864
1242530220499849216
1242488221574893572
1242505897235992584
1242584015208497154
1242598906006917120
1242513929189732352
1242521126976315393
1242571253564739585
1242489691783311361
1242587735266713601
1242504102233264136
1242601309368352768
1242485062005743625
1242477883295064074
1242481624530460672
1242476542380261382
1242509892201611265
1242510894988431361
1242482413306953736
1242549302427365378
1242560309656764422
1242485315429740545
1242559331566002178
1242563358718656517
1242512548152434690
1242479840143409153
1242532621080563712
1242490194521022466
1242561691151405059
1242543209693274118
1242567254686007310
1242487790534705152
1242499500159029248
1242591394201505793
1242485905669214209
1242503411431596035
1242503674531725312
1242475268528193536
1242529382431961089
1242550154655346688
1242546006664851459
1242530001158918146
1242478763209682944
1242485496204234752
1242593522802282497
1242510105976897536
1242550091019321346
1242513012038283265
1242485207145406470
1242477630772764672
1242580351345721345
1242486800163180545
1242532693025288193
1242489654173032448
1242490880730238978
